668
454
47
512
324
163
220
750
746
665
955
562
369
281
367
816
53
735
340
953
460
89
769
561
828
732
720
614
996
723
660
936
351
49
400
399
56
199
715
399
381
644
636
439
855
647
836
459
585
878
837
592
180
142
279
241
918
543
891
958
742
804
912
293
682
709
725
518
113
595
173
940
761
955
619
525
600
512
70
304
727
86
6
644
27
708
788
116
310
428
605
150
233
547
986
752
73
769
884
250
846
644
961
998
92
971
759
554
241
126
522
799
494
621
954
822
428
714
307
425
600
766
462
878
327
822
564
680
937
359
56
512
144
561
75
863
913
698
315
531
767
923
537
995
235
186
892
453
736
498
537
78
809
808
401
970
777
599
32
46
934
884
453
829
641
892
694
831
427
820
449
831
7
675
449
640
99
501
158
96
485
236
867
34
841
96
831
985
769
347
6
902
443
747
803
357
700
463
903
259
485
40
85
207
281
692
222
332
241
455
581
64
72
648
884
565
867
764
646
833
999
384
427
998
865
431
582
237
235
565
198
596
879
711
130
890
143
65
94
726
754
468
374
324
41
139
680
388
59
203
954
261
391
306
286
949
918
887
272
622
555
649
866
358
365
401
522
453
60
470
724
350
332
724
610
714
203
289
286
106
338
425
533
382
382
441
863
122
846
179
78
790
505
557
561
64
93
787
980
765
978
999
891
776
437
696
844
28
343
959
622
251
255
498
746
6
435
631
745
419
550
229
333
355
90
931
19
210
548
121
760
245
436
716
604
139
895
792
277
965
974
654
856
507
83
288
315
702
114
695
639
343
467
972
156
532
982
871
818
278
364
915
97
955
932
11
900
49
120
738
463
398
891
666
542
837
840
555
547
423
944
698
764
747
825
690
227
171
761
534
160
254
365
583
759
467
737
520
108
740
670
102
518
837
972
398
303
328
367
949
888
309
826
438
947
15
46
885
23
66
561
505
622
533
285
187
468
492
625
25
661
230
454
782
41
627
678
855
528
701
643
153
446
557
289
450
928
948
357
346
622
846
856
338
109
75
748
910
177
800
471
950
52
908
340
201
101
390
875
893
521
759
381
142
695
982
770
591
791
245
29
428
644
323
223
843
293
34
79
969
141
740
600
481
784
825
277
462
287
649
236
460
339
331
931
204
929
3
283
140
408
936
752
387
395
371
175
276
263
6
222
838
21
813
488
61
565
108
920
502
919
859
488
214
18
383
550
617
203
357
650
475
909
298
272
537
134
162
223
920
706
163
779
524
170
443
917
570
377
743
675
611
983
935
480
33
68
535
711
152
612
245
330
634
580
143
51
351
124
88
807
149
183
410
864
821
178
117
19
676
604
765
887
853
625
247
946
257
902
636
572
359
47
510
89
975
575
891
807
525
504
546
48
201
538
397
444
941
473
970
319
602
278
241
637
395
381
595
249
44
63
185
403
643
148
726
6
997
428
577
751
127
827
573
107
807
231
353
265
56
979
175
522
692
458
840
233
638
854
484
847
243
861
199
73
906
291
83
313
397
431
215
587
748
489
174
757
454
542
492
787
48
639
819
318
675
504
972
274
104
739
782
2
579
409
161
463
797
141
761
988
625
348
500
804
345
704
744
508
399
341
815
798
503
879
14
638
18
209
351
84
523
641
892
513
169
969
132
561
920
591
503
896
670
122
217
165
330
444
848
3
187
65
358
540
736
958
7
723
404
108
433
980
581
996
403
467
504
746
390
226
366
274
200
924
916
786
27
701
385
764
182
232
657
34
118
17
829
885
169
594
585
86
711
433
457
378
570
838
443
207
465
239
101
497
876
170
233
200
674
672
231
588
993
39
27
521
726
987
740
464
373
860
933
432
667
273
65
15
579
986
131
451
97
469
586
949
966
382
949
433
90
501
647
259
78
808
623
904
216
624
267
401
705
129
563
322
300
432
494
585
687
274
352
208
170
423
977
989
126
608
505
507
932
472
586
442
540
243
927
775
953
748
829
975
534
55
247
29
819
76
457
634
1
520
818
946
303
935
164
413
316
163
757
4
410
974
653
18
717
188
120
775
640
622
0
657
950
680
732
679
52
804
354
244
717
413
989
621
173
271
191
33
13
591
106
706
750
559
366
607
2
666
317
109
227
22
724
265
690
850
702
56
741
543
70
493
284
788
697
232
944
820
756
27
294
444
335
330
832
326
85
749
577
648
817
789
429
380
146
206
584
330
450
138
15
176
934
969
469
428
644
493
494
822
600
85
244
297
483
677
875
260
415
71
484
223
985
882
102
